121311
60253
168369
63160
166174
62959
------------------------------
122106
60436
165642
63162
166722
62548
------------------------------
120159
59957
163185
62701
166205
62873
------------------------------
120519
60118
165102
63306
165082
62565
------------------------------
122472
60520
167070
63278
167292
63014
------------------------------
121781
60338
166005
62883
164238
62915
------------------------------
120208
59764
165702
63064
164305
62672
------------------------------
121843
60454
167675
63442
165307
62888
------------------------------
120663
59926
162851
63233
166501
62601
------------------------------
120963
60044
165100
63178
164803
62464
------------------------------
