28502
14379
28882
14615
28844
14372
------------------------------
28465
14182
28890
14585
29152
14796
------------------------------
28449
14273
29138
14613
29069
14646
------------------------------
28564
14482
28642
14446
29225
14633
------------------------------
28265
14289
28475
14362
29121
14757
------------------------------
28374
14341
28829
14530
28960
14470
------------------------------
28501
14298
28880
14562
29302
14760
------------------------------
28399
14173
28582
14369
29082
14576
------------------------------
28441
14477
29022
14699
28928
14567
------------------------------
28296
14289
28945
14578
29411
14774
------------------------------
