497197
249853
517704
260473
516308
259790
------------------------------
497800
249800
516514
259170
520686
261596
------------------------------
498680
250340
519569
260434
518132
260130
------------------------------
495124
248549
518258
260557
516761
259330
------------------------------
496350
249658
516148
259987
515501
259347
------------------------------
492914
248399
517888
260752
515023
259890
------------------------------
496353
249833
520648
261364
521102
262072
------------------------------
498272
250261
515942
259750
515698
258720
------------------------------
495107
248679
518982
260339
519601
262498
------------------------------
498791
250302
516926
261022
517390
260167
------------------------------
